A = 6.0, B = 0.15, C = 0.58, ed = {'d3z2r2': 0.095, 'dx2y2': 0.0, 'dxy': 1.06, 'dxz': 0.94, 'dyz': 0.94}
ep = 2.9, eo = 3.24, tpp = 0.562, tpo = 0.487, tz_a1a1 = 0.028, tz_b1b1 = 0.047, Upp = 4.0, Uoo = 4.0
tpd = 1.5, tdo = 1.66
	d8_d8L: 0.39797283118027843
	d7_d8: 0.17792571790702855
	d8L_d9L: 0.09452504726345222
	d8_d9L2: 0.07988830944368
	d8_O_d9L: 0.05301287359819523
	d7_d9L: 0.0450042550134318
	d8_O_d8: 0.041013627935469824
	d8L_O_d9: 0.025806335976756516
	d9L_d9L2: 0.018781736960666377
	d7_O_d9: 0.010638551807169657
	d9L_O_d9L: 0.010497333057139523
	L2_O_d8: 0.0066568049965515744
	d9_O_d9L2: 0.005457928651049014
	L_O_d8L: 0.005300922943433709
	L2_d8L: 0.0046372310800368
	L3_d8: 0.0033876533264005928
	L2_d7: 0.002541401812642205
	d9_O2_d9L: 0.0022748412431987304
	L_O_d7: 0.0021791077739469083
	d8_O2_d9: 0.0020387129793501095
	L2_O_d9L: 0.002008140248196867

