A = 6.0, B = 0.15, C = 0.58, ed = {'d3z2r2': 0.095, 'dx2y2': 0, 'dxy': 1.06, 'dxz': 0.94, 'dyz': 0.94}
ep = 2.9, eo = 3.24, tpp = 0.562, tpo = 0.487, tz_a1a1 = 0.028, tz_b1b1 = 0.047, Upp = 4.0, Uss = 4.0
tpd = 3.6, tdo = 3.6
	d8_d9L: 0.26480506451975994
	d8_d8: 0.14001124076899216
	d9L_d9L: 0.11024428827108622
	d8L_d9: 0.06826972754311378
	d9_O_d9L: 0.05919222047339575
	L2_d8: 0.05864012554856171
	d8_O_d9: 0.044561961808941626
	L2_d9L: 0.04364970684479873
	L_d8L: 0.03532929546583323
	d7_d9: 0.03271145445129606
	L_O_d9L: 0.02969599058812389
	d9_d9L2: 0.02743366911372017
	L_O_d8: 0.02223497619801185
	L_d7: 0.016911259229833588
	L2_O_d9: 0.01592449416197885
	L_d9L2: 0.014205608586967185
	L_O_L2: 0.008007674489069713
	L2_L2: 0.0038124144412197847
	L3_d9: 0.002785010094281

