A = 6.0, B = 0.15, C = 0.58, ed = {'d3z2r2': 0.0, 'dx2y2': 0.0, 'dxy': 1.06, 'dxz': 0.94, 'dyz': 0.94}
ep = 0.0, eo = 0.0, tpp = 0.0, tpo = 0.0, tz_a1a1 = 0.0, tz_b1b1 = 0.0, Upp = 4.0, Uss = 4.0
tpd = 0.0, tdo = 1.66
	d8_d8: 0.7582910976369799
	d8_O_d9: 0.22026780228534132
	d9_O2_d9: 0.010721666182483072
	d7_d9: 0.010719433895195288

