A = 6.0, B = 0.15, C = 0.58, ed = {'d3z2r2': 0.095, 'dx2y2': 0.0, 'dxy': 1.06, 'dxz': 0.94, 'dyz': 0.94}
ep = 2.9, eo = 3.24, tpp = 0.562, tpo = 0.487, tz_a1a1 = 0.028, tz_b1b1 = 0.047, Upp = 4.0, Uoo = 4.0
tpd = 1.5, tdo = 1.66
	d8_d8L: 0.3979728311802798
	d7_d8: 0.17792571790702863
	d8L_d9L: 0.09452504726345107
	d8_d9L2: 0.07988830944367993
	d8_O_d9L: 0.05301287359819521
	d7_d9L: 0.04500425501343184
	d8_O_d8: 0.041013627935469844
	d8L_O_d9: 0.025806335976756432
	d9L_d9L2: 0.01878173696066649
	d7_O_d9: 0.010638551807169681
	d9L_O_d9L: 0.01049733305713957
	L2_O_d8: 0.006656804996551569
	d9_O_d9L2: 0.00545792865104903
	L_O_d8L: 0.005300922943433748
	L2_d8L: 0.00463723108003697
	L3_d8: 0.003387653326400615
	L2_d7: 0.0025414018126422083
	d9_O2_d9L: 0.002274841243198736
	L_O_d7: 0.002179107773946914
	d8_O2_d9: 0.0020387129793501112
	L2_O_d9L: 0.002008140248196877

